{
 "cells": [
  {
   "cell_type": "markdown",
   "metadata": {},
   "source": [
    "## 로지스틱 회귀 적용"
   ]
  },
  {
   "cell_type": "code",
   "execution_count": 2,
   "metadata": {},
   "outputs": [],
   "source": [
    "import pandas as pd\n",
    "import numpy as np\n",
    "import os, sys, time\n",
    "import seaborn as sns\n",
    "import matplotlib.pyplot as plt\n",
    "from sklearn.linear_model import LogisticRegression\n",
    "import statsmodels.api as sm"
   ]
  },
  {
   "cell_type": "markdown",
   "metadata": {},
   "source": [
    "### 데이터세트 로딩"
   ]
  },
  {
   "cell_type": "code",
   "execution_count": 3,
   "metadata": {},
   "outputs": [
    {
     "name": "stdout",
     "output_type": "stream",
     "text": [
      "found : FZ_Data/FZ_all_ffill.csv\n"
     ]
    }
   ],
   "source": [
    "FILENAME = 'FZ_Data/FZ_all_ffill.csv'\n",
    "\n",
    "if not os.path.exists(FILENAME):\n",
    "    assert False, 'cannot find FILENAME: {}'.format(FILENAME)\n",
    "else:\n",
    "    print('found : {}'.format(FILENAME))"
   ]
  },
  {
   "cell_type": "code",
   "execution_count": 4,
   "metadata": {},
   "outputs": [],
   "source": [
    "if FILENAME.endswith('.xlsx'):\n",
    "    df = pd.read_excel(FILENAME, \n",
    "                       header=0,\n",
    "                       encoding='euc-kr',\n",
    "                       converters={'지점':str, '지면상태(지면상태코드)':str, '현상번호(국내식)':str})\n",
    "elif FILENAME.endswith('.csv'):\n",
    "    df = pd.read_csv(FILENAME, \n",
    "                     header=0,\n",
    "                     encoding='euc-kr',\n",
    "                     converters={'지점':str, '지면상태(지면상태코드)':str, '현상번호(국내식)':str})"
   ]
  },
  {
   "cell_type": "code",
   "execution_count": 5,
   "metadata": {},
   "outputs": [
    {
     "data": {
      "text/plain": [
       "Index(['지점', '지점명', '일시', '기온(°C)', '강수량(mm)', '풍속(m/s)', '풍향(16방위)', '습도(%)',\n",
       "       '증기압(hPa)', '이슬점온도(°C)', '현지기압(hPa)', '해면기압(hPa)', '일조(hr)',\n",
       "       '일사(MJ/m2)', '적설(cm)', '3시간신적설(cm)', '전운량(10분위)', '중하층운량(10분위)',\n",
       "       '운형(운형약어)', '최저운고(100m )', '시정(10m)', '지면상태(지면상태코드)', '현상번호(국내식)',\n",
       "       '지면온도(°C)', 'FZ_flag'],\n",
       "      dtype='object')"
      ]
     },
     "execution_count": 5,
     "metadata": {},
     "output_type": "execute_result"
    }
   ],
   "source": [
    "df.columns"
   ]
  },
  {
   "cell_type": "code",
   "execution_count": 6,
   "metadata": {},
   "outputs": [],
   "source": [
    "use_colmns = ['지점', '지점명', '일시', '기온(°C)', '강수량(mm)', \n",
    "       '풍속(m/s)', '풍향(16방위)', '습도(%)', \n",
    "       '증기압(hPa)', '이슬점온도(°C)', '현지기압(hPa)', '해면기압(hPa)',\n",
    "       '일조(hr)', '일사(MJ/m2)', '적설(cm)', '3시간신적설(cm)',\n",
    "       '전운량(10분위)', '중하층운량(10분위)', '운형(운형약어)', '최저운고(100m )', '시정(10m)',\n",
    "       '지면상태(지면상태코드)', '현상번호(국내식)', '지면온도(°C)',\n",
    "       'FZ_flag']\n",
    "\n",
    "df = df[use_colmns]"
   ]
  },
  {
   "cell_type": "code",
   "execution_count": 7,
   "metadata": {},
   "outputs": [
    {
     "data": {
      "text/plain": [
       "(29015, 25)"
      ]
     },
     "execution_count": 7,
     "metadata": {},
     "output_type": "execute_result"
    }
   ],
   "source": [
    "df.shape"
   ]
  },
  {
   "cell_type": "markdown",
   "metadata": {},
   "source": [
    "## 한글 컬럼이름들을 영문으로 변경함"
   ]
  },
  {
   "cell_type": "code",
   "execution_count": 16,
   "metadata": {},
   "outputs": [],
   "source": [
    "df.rename(columns = {'지점' : 'Office',\n",
    "                      '지점명' : 'Office_Name',\n",
    "                      '일시' : 'Date',\n",
    "                      '기온(°C)': 'Temp', \n",
    "                      '강수량(mm)': 'Rain', \n",
    "                      '풍속(m/s)': 'WindSpeed', \n",
    "                      '풍향(16방위)': 'WindDir',  \n",
    "                      '습도(%)': 'Moist',\n",
    "                      '증기압(hPa)': 'hPa', \n",
    "                      '이슬점온도(°C)': 'DewTemp', \n",
    "                      '현지기압(hPa)': 'CurhPa', \n",
    "                      '해면기압(hPa)': 'SeahPa',\n",
    "                      '일조(hr)': 'Daylight', \n",
    "                      '일사(MJ/m2)': 'DaylightMJ', \n",
    "                      '적설(cm)': 'SnowCm', \n",
    "                      '3시간신적설(cm)': 'Snow3hr',\n",
    "                      '전운량(10분위)': 'Clouds_10', \n",
    "                      '중하층운량(10분위)': 'MClouds_10',                      \n",
    "                      '운형(운형약어)' : 'CloudDesigns_Abb',                     \n",
    "                      '최저운고(100m )': 'HClouds_100m', \n",
    "                      '시정(10m)': 'Visibility_10m', \n",
    "                      '지면상태(지면상태코드)': 'GroundState_Code',\n",
    "                      '현상번호(국내식)': 'PhenomenaNo',\n",
    "                      '지면온도(°C)': 'SurfaceTemp'\n",
    "                     }, inplace=True)"
   ]
  },
  {
   "cell_type": "code",
   "execution_count": 17,
   "metadata": {},
   "outputs": [
    {
     "data": {
      "text/plain": [
       "Index(['Office', 'Office_Name', 'Date', 'Temp', 'Rain', 'WindSpeed', 'WindDir',\n",
       "       'Moist', 'hPa', 'DewTemp', 'CurhPa', 'SeahPa', 'Daylight', 'DaylightMJ',\n",
       "       'SnowCm', 'Snow3hr', 'Clouds_10', 'MClouds_10', 'CloudDesigns_Abb',\n",
       "       'HClouds_100m', 'Visibility_10m', 'GroundState_Code', 'PhenomenaNo',\n",
       "       'SurfaceTemp', 'FZ_flag'],\n",
       "      dtype='object')"
      ]
     },
     "execution_count": 17,
     "metadata": {},
     "output_type": "execute_result"
    }
   ],
   "source": [
    "df.columns"
   ]
  },
  {
   "cell_type": "code",
   "execution_count": 18,
   "metadata": {},
   "outputs": [
    {
     "data": {
      "text/plain": [
       "Office               object\n",
       "Office_Name          object\n",
       "Date                 object\n",
       "Temp                float64\n",
       "Rain                float64\n",
       "WindSpeed           float64\n",
       "WindDir               int64\n",
       "Moist               float64\n",
       "hPa                 float64\n",
       "DewTemp             float64\n",
       "CurhPa              float64\n",
       "SeahPa              float64\n",
       "Daylight            float64\n",
       "DaylightMJ          float64\n",
       "SnowCm              float64\n",
       "Snow3hr             float64\n",
       "Clouds_10           float64\n",
       "MClouds_10          float64\n",
       "CloudDesigns_Abb     object\n",
       "HClouds_100m        float64\n",
       "Visibility_10m      float64\n",
       "GroundState_Code     object\n",
       "PhenomenaNo          object\n",
       "SurfaceTemp         float64\n",
       "FZ_flag               int64\n",
       "dtype: object"
      ]
     },
     "execution_count": 18,
     "metadata": {},
     "output_type": "execute_result"
    }
   ],
   "source": [
    "df.dtypes"
   ]
  },
  {
   "cell_type": "code",
   "execution_count": 19,
   "metadata": {},
   "outputs": [
    {
     "data": {
      "text/plain": [
       "FZ_flag\n",
       "0    28946\n",
       "1       69\n",
       "dtype: int64"
      ]
     },
     "execution_count": 19,
     "metadata": {},
     "output_type": "execute_result"
    }
   ],
   "source": [
    "df.groupby(['FZ_flag']).size()"
   ]
  },
  {
   "cell_type": "markdown",
   "metadata": {},
   "source": [
    "### Pandas correlation matrix"
   ]
  },
  {
   "cell_type": "code",
   "execution_count": 34,
   "metadata": {},
   "outputs": [
    {
     "data": {
      "text/html": [
       "<div>\n",
       "<style scoped>\n",
       "    .dataframe tbody tr th:only-of-type {\n",
       "        vertical-align: middle;\n",
       "    }\n",
       "\n",
       "    .dataframe tbody tr th {\n",
       "        vertical-align: top;\n",
       "    }\n",
       "\n",
       "    .dataframe thead th {\n",
       "        text-align: right;\n",
       "    }\n",
       "</style>\n",
       "<table border=\"1\" class=\"dataframe\">\n",
       "  <thead>\n",
       "    <tr style=\"text-align: right;\">\n",
       "      <th></th>\n",
       "      <th>Temp</th>\n",
       "      <th>Rain</th>\n",
       "      <th>WindSpeed</th>\n",
       "      <th>WindDir</th>\n",
       "      <th>Moist</th>\n",
       "      <th>hPa</th>\n",
       "      <th>DewTemp</th>\n",
       "      <th>CurhPa</th>\n",
       "      <th>SeahPa</th>\n",
       "      <th>Daylight</th>\n",
       "      <th>DaylightMJ</th>\n",
       "      <th>SnowCm</th>\n",
       "      <th>Snow3hr</th>\n",
       "      <th>Clouds_10</th>\n",
       "      <th>MClouds_10</th>\n",
       "      <th>HClouds_100m</th>\n",
       "      <th>Visibility_10m</th>\n",
       "      <th>SurfaceTemp</th>\n",
       "      <th>FZ_flag</th>\n",
       "    </tr>\n",
       "  </thead>\n",
       "  <tbody>\n",
       "    <tr>\n",
       "      <td>Temp</td>\n",
       "      <td>1.000000</td>\n",
       "      <td>0.036713</td>\n",
       "      <td>0.024753</td>\n",
       "      <td>-0.024835</td>\n",
       "      <td>-0.197061</td>\n",
       "      <td>0.701251</td>\n",
       "      <td>0.724719</td>\n",
       "      <td>0.222051</td>\n",
       "      <td>-0.467182</td>\n",
       "      <td>0.186579</td>\n",
       "      <td>0.142356</td>\n",
       "      <td>-0.294035</td>\n",
       "      <td>-0.026215</td>\n",
       "      <td>0.281126</td>\n",
       "      <td>0.220077</td>\n",
       "      <td>0.075946</td>\n",
       "      <td>-0.113965</td>\n",
       "      <td>0.798374</td>\n",
       "      <td>-0.035503</td>\n",
       "    </tr>\n",
       "    <tr>\n",
       "      <td>Rain</td>\n",
       "      <td>0.036713</td>\n",
       "      <td>1.000000</td>\n",
       "      <td>-0.006566</td>\n",
       "      <td>-0.038189</td>\n",
       "      <td>0.131087</td>\n",
       "      <td>0.129700</td>\n",
       "      <td>0.112521</td>\n",
       "      <td>-0.031903</td>\n",
       "      <td>-0.104219</td>\n",
       "      <td>-0.058656</td>\n",
       "      <td>-0.033807</td>\n",
       "      <td>0.054685</td>\n",
       "      <td>0.503548</td>\n",
       "      <td>0.142965</td>\n",
       "      <td>0.138757</td>\n",
       "      <td>-0.059762</td>\n",
       "      <td>-0.143166</td>\n",
       "      <td>0.030347</td>\n",
       "      <td>-0.003907</td>\n",
       "    </tr>\n",
       "    <tr>\n",
       "      <td>WindSpeed</td>\n",
       "      <td>0.024753</td>\n",
       "      <td>-0.006566</td>\n",
       "      <td>1.000000</td>\n",
       "      <td>0.413652</td>\n",
       "      <td>-0.265925</td>\n",
       "      <td>-0.113620</td>\n",
       "      <td>-0.138727</td>\n",
       "      <td>-0.412288</td>\n",
       "      <td>-0.368680</td>\n",
       "      <td>0.228769</td>\n",
       "      <td>0.314058</td>\n",
       "      <td>0.082971</td>\n",
       "      <td>-0.005530</td>\n",
       "      <td>-0.061436</td>\n",
       "      <td>-0.013789</td>\n",
       "      <td>-0.153849</td>\n",
       "      <td>0.091932</td>\n",
       "      <td>0.008904</td>\n",
       "      <td>-0.035974</td>\n",
       "    </tr>\n",
       "    <tr>\n",
       "      <td>WindDir</td>\n",
       "      <td>-0.024835</td>\n",
       "      <td>-0.038189</td>\n",
       "      <td>0.413652</td>\n",
       "      <td>1.000000</td>\n",
       "      <td>-0.301516</td>\n",
       "      <td>-0.177474</td>\n",
       "      <td>-0.208416</td>\n",
       "      <td>-0.103286</td>\n",
       "      <td>-0.170085</td>\n",
       "      <td>0.148210</td>\n",
       "      <td>0.109759</td>\n",
       "      <td>0.001364</td>\n",
       "      <td>-0.026386</td>\n",
       "      <td>-0.142359</td>\n",
       "      <td>-0.110144</td>\n",
       "      <td>-0.029602</td>\n",
       "      <td>0.146546</td>\n",
       "      <td>-0.003729</td>\n",
       "      <td>-0.030811</td>\n",
       "    </tr>\n",
       "    <tr>\n",
       "      <td>Moist</td>\n",
       "      <td>-0.197061</td>\n",
       "      <td>0.131087</td>\n",
       "      <td>-0.265925</td>\n",
       "      <td>-0.301516</td>\n",
       "      <td>1.000000</td>\n",
       "      <td>0.467322</td>\n",
       "      <td>0.503099</td>\n",
       "      <td>-0.237073</td>\n",
       "      <td>-0.001743</td>\n",
       "      <td>-0.523527</td>\n",
       "      <td>-0.317358</td>\n",
       "      <td>0.127469</td>\n",
       "      <td>0.094745</td>\n",
       "      <td>0.379663</td>\n",
       "      <td>0.427591</td>\n",
       "      <td>-0.250345</td>\n",
       "      <td>-0.636418</td>\n",
       "      <td>-0.185433</td>\n",
       "      <td>0.056115</td>\n",
       "    </tr>\n",
       "    <tr>\n",
       "      <td>hPa</td>\n",
       "      <td>0.701251</td>\n",
       "      <td>0.129700</td>\n",
       "      <td>-0.113620</td>\n",
       "      <td>-0.177474</td>\n",
       "      <td>0.467322</td>\n",
       "      <td>1.000000</td>\n",
       "      <td>0.951086</td>\n",
       "      <td>0.056156</td>\n",
       "      <td>-0.421292</td>\n",
       "      <td>-0.201734</td>\n",
       "      <td>-0.096839</td>\n",
       "      <td>-0.168987</td>\n",
       "      <td>0.019181</td>\n",
       "      <td>0.474827</td>\n",
       "      <td>0.470505</td>\n",
       "      <td>-0.090221</td>\n",
       "      <td>-0.495520</td>\n",
       "      <td>0.541449</td>\n",
       "      <td>-0.012006</td>\n",
       "    </tr>\n",
       "    <tr>\n",
       "      <td>DewTemp</td>\n",
       "      <td>0.724719</td>\n",
       "      <td>0.112521</td>\n",
       "      <td>-0.138727</td>\n",
       "      <td>-0.208416</td>\n",
       "      <td>0.503099</td>\n",
       "      <td>0.951086</td>\n",
       "      <td>1.000000</td>\n",
       "      <td>0.042795</td>\n",
       "      <td>-0.415820</td>\n",
       "      <td>-0.212151</td>\n",
       "      <td>-0.098340</td>\n",
       "      <td>-0.170256</td>\n",
       "      <td>0.032787</td>\n",
       "      <td>0.498142</td>\n",
       "      <td>0.480105</td>\n",
       "      <td>-0.096094</td>\n",
       "      <td>-0.529956</td>\n",
       "      <td>0.542589</td>\n",
       "      <td>-0.003212</td>\n",
       "    </tr>\n",
       "    <tr>\n",
       "      <td>CurhPa</td>\n",
       "      <td>0.222051</td>\n",
       "      <td>-0.031903</td>\n",
       "      <td>-0.412288</td>\n",
       "      <td>-0.103286</td>\n",
       "      <td>-0.237073</td>\n",
       "      <td>0.056156</td>\n",
       "      <td>0.042795</td>\n",
       "      <td>1.000000</td>\n",
       "      <td>0.176166</td>\n",
       "      <td>-0.000947</td>\n",
       "      <td>-0.191701</td>\n",
       "      <td>-0.278799</td>\n",
       "      <td>-0.048695</td>\n",
       "      <td>-0.058329</td>\n",
       "      <td>-0.067530</td>\n",
       "      <td>0.388883</td>\n",
       "      <td>0.165913</td>\n",
       "      <td>0.202784</td>\n",
       "      <td>-0.031168</td>\n",
       "    </tr>\n",
       "    <tr>\n",
       "      <td>SeahPa</td>\n",
       "      <td>-0.467182</td>\n",
       "      <td>-0.104219</td>\n",
       "      <td>-0.368680</td>\n",
       "      <td>-0.170085</td>\n",
       "      <td>-0.001743</td>\n",
       "      <td>-0.421292</td>\n",
       "      <td>-0.415820</td>\n",
       "      <td>0.176166</td>\n",
       "      <td>1.000000</td>\n",
       "      <td>0.027477</td>\n",
       "      <td>-0.071756</td>\n",
       "      <td>0.121175</td>\n",
       "      <td>-0.036025</td>\n",
       "      <td>-0.269215</td>\n",
       "      <td>-0.270659</td>\n",
       "      <td>0.091693</td>\n",
       "      <td>0.223693</td>\n",
       "      <td>-0.410426</td>\n",
       "      <td>0.022313</td>\n",
       "    </tr>\n",
       "    <tr>\n",
       "      <td>Daylight</td>\n",
       "      <td>0.186579</td>\n",
       "      <td>-0.058656</td>\n",
       "      <td>0.228769</td>\n",
       "      <td>0.148210</td>\n",
       "      <td>-0.523527</td>\n",
       "      <td>-0.201734</td>\n",
       "      <td>-0.212151</td>\n",
       "      <td>-0.000947</td>\n",
       "      <td>0.027477</td>\n",
       "      <td>1.000000</td>\n",
       "      <td>0.625151</td>\n",
       "      <td>0.035575</td>\n",
       "      <td>-0.040419</td>\n",
       "      <td>-0.307247</td>\n",
       "      <td>-0.302629</td>\n",
       "      <td>0.030372</td>\n",
       "      <td>0.293732</td>\n",
       "      <td>0.098690</td>\n",
       "      <td>-0.019512</td>\n",
       "    </tr>\n",
       "    <tr>\n",
       "      <td>DaylightMJ</td>\n",
       "      <td>0.142356</td>\n",
       "      <td>-0.033807</td>\n",
       "      <td>0.314058</td>\n",
       "      <td>0.109759</td>\n",
       "      <td>-0.317358</td>\n",
       "      <td>-0.096839</td>\n",
       "      <td>-0.098340</td>\n",
       "      <td>-0.191701</td>\n",
       "      <td>-0.071756</td>\n",
       "      <td>0.625151</td>\n",
       "      <td>1.000000</td>\n",
       "      <td>0.138014</td>\n",
       "      <td>-0.019983</td>\n",
       "      <td>-0.104911</td>\n",
       "      <td>-0.122640</td>\n",
       "      <td>-0.030173</td>\n",
       "      <td>0.120958</td>\n",
       "      <td>0.062279</td>\n",
       "      <td>-0.016211</td>\n",
       "    </tr>\n",
       "    <tr>\n",
       "      <td>SnowCm</td>\n",
       "      <td>-0.294035</td>\n",
       "      <td>0.054685</td>\n",
       "      <td>0.082971</td>\n",
       "      <td>0.001364</td>\n",
       "      <td>0.127469</td>\n",
       "      <td>-0.168987</td>\n",
       "      <td>-0.170256</td>\n",
       "      <td>-0.278799</td>\n",
       "      <td>0.121175</td>\n",
       "      <td>0.035575</td>\n",
       "      <td>0.138014</td>\n",
       "      <td>1.000000</td>\n",
       "      <td>0.134067</td>\n",
       "      <td>0.034466</td>\n",
       "      <td>0.050577</td>\n",
       "      <td>-0.111860</td>\n",
       "      <td>-0.085195</td>\n",
       "      <td>-0.191732</td>\n",
       "      <td>0.021278</td>\n",
       "    </tr>\n",
       "    <tr>\n",
       "      <td>Snow3hr</td>\n",
       "      <td>-0.026215</td>\n",
       "      <td>0.503548</td>\n",
       "      <td>-0.005530</td>\n",
       "      <td>-0.026386</td>\n",
       "      <td>0.094745</td>\n",
       "      <td>0.019181</td>\n",
       "      <td>0.032787</td>\n",
       "      <td>-0.048695</td>\n",
       "      <td>-0.036025</td>\n",
       "      <td>-0.040419</td>\n",
       "      <td>-0.019983</td>\n",
       "      <td>0.134067</td>\n",
       "      <td>1.000000</td>\n",
       "      <td>0.098364</td>\n",
       "      <td>0.101580</td>\n",
       "      <td>-0.052889</td>\n",
       "      <td>-0.119284</td>\n",
       "      <td>-0.021238</td>\n",
       "      <td>-0.003466</td>\n",
       "    </tr>\n",
       "    <tr>\n",
       "      <td>Clouds_10</td>\n",
       "      <td>0.281126</td>\n",
       "      <td>0.142965</td>\n",
       "      <td>-0.061436</td>\n",
       "      <td>-0.142359</td>\n",
       "      <td>0.379663</td>\n",
       "      <td>0.474827</td>\n",
       "      <td>0.498142</td>\n",
       "      <td>-0.058329</td>\n",
       "      <td>-0.269215</td>\n",
       "      <td>-0.307247</td>\n",
       "      <td>-0.104911</td>\n",
       "      <td>0.034466</td>\n",
       "      <td>0.098364</td>\n",
       "      <td>1.000000</td>\n",
       "      <td>0.823258</td>\n",
       "      <td>-0.056796</td>\n",
       "      <td>-0.513472</td>\n",
       "      <td>0.197855</td>\n",
       "      <td>0.046001</td>\n",
       "    </tr>\n",
       "    <tr>\n",
       "      <td>MClouds_10</td>\n",
       "      <td>0.220077</td>\n",
       "      <td>0.138757</td>\n",
       "      <td>-0.013789</td>\n",
       "      <td>-0.110144</td>\n",
       "      <td>0.427591</td>\n",
       "      <td>0.470505</td>\n",
       "      <td>0.480105</td>\n",
       "      <td>-0.067530</td>\n",
       "      <td>-0.270659</td>\n",
       "      <td>-0.302629</td>\n",
       "      <td>-0.122640</td>\n",
       "      <td>0.050577</td>\n",
       "      <td>0.101580</td>\n",
       "      <td>0.823258</td>\n",
       "      <td>1.000000</td>\n",
       "      <td>-0.088339</td>\n",
       "      <td>-0.523749</td>\n",
       "      <td>0.165419</td>\n",
       "      <td>0.069703</td>\n",
       "    </tr>\n",
       "    <tr>\n",
       "      <td>HClouds_100m</td>\n",
       "      <td>0.075946</td>\n",
       "      <td>-0.059762</td>\n",
       "      <td>-0.153849</td>\n",
       "      <td>-0.029602</td>\n",
       "      <td>-0.250345</td>\n",
       "      <td>-0.090221</td>\n",
       "      <td>-0.096094</td>\n",
       "      <td>0.388883</td>\n",
       "      <td>0.091693</td>\n",
       "      <td>0.030372</td>\n",
       "      <td>-0.030173</td>\n",
       "      <td>-0.111860</td>\n",
       "      <td>-0.052889</td>\n",
       "      <td>-0.056796</td>\n",
       "      <td>-0.088339</td>\n",
       "      <td>1.000000</td>\n",
       "      <td>0.208346</td>\n",
       "      <td>0.058891</td>\n",
       "      <td>-0.038559</td>\n",
       "    </tr>\n",
       "    <tr>\n",
       "      <td>Visibility_10m</td>\n",
       "      <td>-0.113965</td>\n",
       "      <td>-0.143166</td>\n",
       "      <td>0.091932</td>\n",
       "      <td>0.146546</td>\n",
       "      <td>-0.636418</td>\n",
       "      <td>-0.495520</td>\n",
       "      <td>-0.529956</td>\n",
       "      <td>0.165913</td>\n",
       "      <td>0.223693</td>\n",
       "      <td>0.293732</td>\n",
       "      <td>0.120958</td>\n",
       "      <td>-0.085195</td>\n",
       "      <td>-0.119284</td>\n",
       "      <td>-0.513472</td>\n",
       "      <td>-0.523749</td>\n",
       "      <td>0.208346</td>\n",
       "      <td>1.000000</td>\n",
       "      <td>-0.017069</td>\n",
       "      <td>-0.078420</td>\n",
       "    </tr>\n",
       "    <tr>\n",
       "      <td>SurfaceTemp</td>\n",
       "      <td>0.798374</td>\n",
       "      <td>0.030347</td>\n",
       "      <td>0.008904</td>\n",
       "      <td>-0.003729</td>\n",
       "      <td>-0.185433</td>\n",
       "      <td>0.541449</td>\n",
       "      <td>0.542589</td>\n",
       "      <td>0.202784</td>\n",
       "      <td>-0.410426</td>\n",
       "      <td>0.098690</td>\n",
       "      <td>0.062279</td>\n",
       "      <td>-0.191732</td>\n",
       "      <td>-0.021238</td>\n",
       "      <td>0.197855</td>\n",
       "      <td>0.165419</td>\n",
       "      <td>0.058891</td>\n",
       "      <td>-0.017069</td>\n",
       "      <td>1.000000</td>\n",
       "      <td>-0.019202</td>\n",
       "    </tr>\n",
       "    <tr>\n",
       "      <td>FZ_flag</td>\n",
       "      <td>-0.035503</td>\n",
       "      <td>-0.003907</td>\n",
       "      <td>-0.035974</td>\n",
       "      <td>-0.030811</td>\n",
       "      <td>0.056115</td>\n",
       "      <td>-0.012006</td>\n",
       "      <td>-0.003212</td>\n",
       "      <td>-0.031168</td>\n",
       "      <td>0.022313</td>\n",
       "      <td>-0.019512</td>\n",
       "      <td>-0.016211</td>\n",
       "      <td>0.021278</td>\n",
       "      <td>-0.003466</td>\n",
       "      <td>0.046001</td>\n",
       "      <td>0.069703</td>\n",
       "      <td>-0.038559</td>\n",
       "      <td>-0.078420</td>\n",
       "      <td>-0.019202</td>\n",
       "      <td>1.000000</td>\n",
       "    </tr>\n",
       "  </tbody>\n",
       "</table>\n",
       "</div>"
      ],
      "text/plain": [
       "                    Temp      Rain  WindSpeed   WindDir     Moist       hPa  \\\n",
       "Temp            1.000000  0.036713   0.024753 -0.024835 -0.197061  0.701251   \n",
       "Rain            0.036713  1.000000  -0.006566 -0.038189  0.131087  0.129700   \n",
       "WindSpeed       0.024753 -0.006566   1.000000  0.413652 -0.265925 -0.113620   \n",
       "WindDir        -0.024835 -0.038189   0.413652  1.000000 -0.301516 -0.177474   \n",
       "Moist          -0.197061  0.131087  -0.265925 -0.301516  1.000000  0.467322   \n",
       "hPa             0.701251  0.129700  -0.113620 -0.177474  0.467322  1.000000   \n",
       "DewTemp         0.724719  0.112521  -0.138727 -0.208416  0.503099  0.951086   \n",
       "CurhPa          0.222051 -0.031903  -0.412288 -0.103286 -0.237073  0.056156   \n",
       "SeahPa         -0.467182 -0.104219  -0.368680 -0.170085 -0.001743 -0.421292   \n",
       "Daylight        0.186579 -0.058656   0.228769  0.148210 -0.523527 -0.201734   \n",
       "DaylightMJ      0.142356 -0.033807   0.314058  0.109759 -0.317358 -0.096839   \n",
       "SnowCm         -0.294035  0.054685   0.082971  0.001364  0.127469 -0.168987   \n",
       "Snow3hr        -0.026215  0.503548  -0.005530 -0.026386  0.094745  0.019181   \n",
       "Clouds_10       0.281126  0.142965  -0.061436 -0.142359  0.379663  0.474827   \n",
       "MClouds_10      0.220077  0.138757  -0.013789 -0.110144  0.427591  0.470505   \n",
       "HClouds_100m    0.075946 -0.059762  -0.153849 -0.029602 -0.250345 -0.090221   \n",
       "Visibility_10m -0.113965 -0.143166   0.091932  0.146546 -0.636418 -0.495520   \n",
       "SurfaceTemp     0.798374  0.030347   0.008904 -0.003729 -0.185433  0.541449   \n",
       "FZ_flag        -0.035503 -0.003907  -0.035974 -0.030811  0.056115 -0.012006   \n",
       "\n",
       "                 DewTemp    CurhPa    SeahPa  Daylight  DaylightMJ    SnowCm  \\\n",
       "Temp            0.724719  0.222051 -0.467182  0.186579    0.142356 -0.294035   \n",
       "Rain            0.112521 -0.031903 -0.104219 -0.058656   -0.033807  0.054685   \n",
       "WindSpeed      -0.138727 -0.412288 -0.368680  0.228769    0.314058  0.082971   \n",
       "WindDir        -0.208416 -0.103286 -0.170085  0.148210    0.109759  0.001364   \n",
       "Moist           0.503099 -0.237073 -0.001743 -0.523527   -0.317358  0.127469   \n",
       "hPa             0.951086  0.056156 -0.421292 -0.201734   -0.096839 -0.168987   \n",
       "DewTemp         1.000000  0.042795 -0.415820 -0.212151   -0.098340 -0.170256   \n",
       "CurhPa          0.042795  1.000000  0.176166 -0.000947   -0.191701 -0.278799   \n",
       "SeahPa         -0.415820  0.176166  1.000000  0.027477   -0.071756  0.121175   \n",
       "Daylight       -0.212151 -0.000947  0.027477  1.000000    0.625151  0.035575   \n",
       "DaylightMJ     -0.098340 -0.191701 -0.071756  0.625151    1.000000  0.138014   \n",
       "SnowCm         -0.170256 -0.278799  0.121175  0.035575    0.138014  1.000000   \n",
       "Snow3hr         0.032787 -0.048695 -0.036025 -0.040419   -0.019983  0.134067   \n",
       "Clouds_10       0.498142 -0.058329 -0.269215 -0.307247   -0.104911  0.034466   \n",
       "MClouds_10      0.480105 -0.067530 -0.270659 -0.302629   -0.122640  0.050577   \n",
       "HClouds_100m   -0.096094  0.388883  0.091693  0.030372   -0.030173 -0.111860   \n",
       "Visibility_10m -0.529956  0.165913  0.223693  0.293732    0.120958 -0.085195   \n",
       "SurfaceTemp     0.542589  0.202784 -0.410426  0.098690    0.062279 -0.191732   \n",
       "FZ_flag        -0.003212 -0.031168  0.022313 -0.019512   -0.016211  0.021278   \n",
       "\n",
       "                 Snow3hr  Clouds_10  MClouds_10  HClouds_100m  Visibility_10m  \\\n",
       "Temp           -0.026215   0.281126    0.220077      0.075946       -0.113965   \n",
       "Rain            0.503548   0.142965    0.138757     -0.059762       -0.143166   \n",
       "WindSpeed      -0.005530  -0.061436   -0.013789     -0.153849        0.091932   \n",
       "WindDir        -0.026386  -0.142359   -0.110144     -0.029602        0.146546   \n",
       "Moist           0.094745   0.379663    0.427591     -0.250345       -0.636418   \n",
       "hPa             0.019181   0.474827    0.470505     -0.090221       -0.495520   \n",
       "DewTemp         0.032787   0.498142    0.480105     -0.096094       -0.529956   \n",
       "CurhPa         -0.048695  -0.058329   -0.067530      0.388883        0.165913   \n",
       "SeahPa         -0.036025  -0.269215   -0.270659      0.091693        0.223693   \n",
       "Daylight       -0.040419  -0.307247   -0.302629      0.030372        0.293732   \n",
       "DaylightMJ     -0.019983  -0.104911   -0.122640     -0.030173        0.120958   \n",
       "SnowCm          0.134067   0.034466    0.050577     -0.111860       -0.085195   \n",
       "Snow3hr         1.000000   0.098364    0.101580     -0.052889       -0.119284   \n",
       "Clouds_10       0.098364   1.000000    0.823258     -0.056796       -0.513472   \n",
       "MClouds_10      0.101580   0.823258    1.000000     -0.088339       -0.523749   \n",
       "HClouds_100m   -0.052889  -0.056796   -0.088339      1.000000        0.208346   \n",
       "Visibility_10m -0.119284  -0.513472   -0.523749      0.208346        1.000000   \n",
       "SurfaceTemp    -0.021238   0.197855    0.165419      0.058891       -0.017069   \n",
       "FZ_flag        -0.003466   0.046001    0.069703     -0.038559       -0.078420   \n",
       "\n",
       "                SurfaceTemp   FZ_flag  \n",
       "Temp               0.798374 -0.035503  \n",
       "Rain               0.030347 -0.003907  \n",
       "WindSpeed          0.008904 -0.035974  \n",
       "WindDir           -0.003729 -0.030811  \n",
       "Moist             -0.185433  0.056115  \n",
       "hPa                0.541449 -0.012006  \n",
       "DewTemp            0.542589 -0.003212  \n",
       "CurhPa             0.202784 -0.031168  \n",
       "SeahPa            -0.410426  0.022313  \n",
       "Daylight           0.098690 -0.019512  \n",
       "DaylightMJ         0.062279 -0.016211  \n",
       "SnowCm            -0.191732  0.021278  \n",
       "Snow3hr           -0.021238 -0.003466  \n",
       "Clouds_10          0.197855  0.046001  \n",
       "MClouds_10         0.165419  0.069703  \n",
       "HClouds_100m       0.058891 -0.038559  \n",
       "Visibility_10m    -0.017069 -0.078420  \n",
       "SurfaceTemp        1.000000 -0.019202  \n",
       "FZ_flag           -0.019202  1.000000  "
      ]
     },
     "execution_count": 34,
     "metadata": {},
     "output_type": "execute_result"
    }
   ],
   "source": [
    "df.corr()"
   ]
  },
  {
   "cell_type": "code",
   "execution_count": 35,
   "metadata": {},
   "outputs": [],
   "source": [
    "def heatmap(data, x, y, size):\n",
    "    fig, ax = plt.subplots(figsize=(20, 10))\n",
    "    \n",
    "    # Mapping from column names to integer coordinates\n",
    "    x_labels = [v for v in sorted(x.unique())]\n",
    "    y_labels = [v for v in sorted(y.unique())]\n",
    "    x_to_num = {p[1]:p[0] for p in enumerate(x_labels)} \n",
    "    y_to_num = {p[1]:p[0] for p in enumerate(y_labels)} \n",
    "    \n",
    "    n_colors = 256 # Use 256 colors for the diverging color palette\n",
    "    palette = sns.diverging_palette(20, 220, n=n_colors) # Create the palette\n",
    "    color_min, color_max = [-1, 1] # Range of values that will be mapped to the palette, i.e. min and max possible correlation\n",
    "\n",
    "    def value_to_color(val):\n",
    "        val_position = float((val - color_min)) / (color_max - color_min) # position of value in the input range, relative to the length of the input range\n",
    "        ind = int(val_position * (n_colors - 1)) # target index in the color palette\n",
    "        return palette[ind]\n",
    "\n",
    "    size_scale = 500\n",
    "    ax.scatter(\n",
    "        x=x.map(x_to_num),\n",
    "        y=y.map(y_to_num),\n",
    "        s=size * size_scale,\n",
    "        c=data.apply(value_to_color), # Vector of square color values, mapped to color palette\n",
    "        marker='s'\n",
    "    )\n",
    "    \n",
    "    # Show column labels on the axes\n",
    "    ax.set_xticks([x_to_num[v] for v in x_labels])\n",
    "    ax.set_xticklabels(x_labels, rotation=45, horizontalalignment='right')\n",
    "    ax.set_yticks([y_to_num[v] for v in y_labels])\n",
    "    ax.set_yticklabels(y_labels)"
   ]
  },
  {
   "cell_type": "code",
   "execution_count": 38,
   "metadata": {},
   "outputs": [
    {
     "data": {
