{
 "cells": [
  {
   "cell_type": "markdown",
   "metadata": {},
   "source": [
    "## SMOTE oversampling\n",
    "\n",
    "* imbalance"
   ]
  },
  {
   "cell_type": "code",
   "execution_count": 55,
   "metadata": {},
   "outputs": [],
   "source": [
    "import pandas as pd\n",
    "import numpy as np\n",
    "import os, sys, time\n",
    "import seaborn as sns\n",
    "import matplotlib.pyplot as plt\n",
    "from sklearn.linear_model import LogisticRegression\n",
    "from sklearn.model_selection import train_test_split\n",
    "import statsmodels.api as sm\n",
    "from sklearn.metrics import accuracy_score  \n",
    "from sklearn.preprocessing import StandardScaler\n",
    "from sklearn.metrics import roc_auc_score\n",
    "from sklearn.metrics import classification_report"
   ]
  },
  {
   "cell_type": "code",
   "execution_count": 2,
   "metadata": {},
   "outputs": [],
   "source": [
    "df = pd.read_csv('FZ_Data/FZ_all_ffill.csv', \n",
    "                 header=0,\n",
    "                 encoding='euc-kr',\n",
    "                 converters={'지점':str, '지면상태(지면상태코드)':str, '현상번호(국내식)':str})"
   ]
  },
  {
   "cell_type": "code",
   "execution_count": 3,
   "metadata": {},
   "outputs": [],
   "source": [
    "use_columns = ['지점', '지점명', '일시', '기온(°C)', '강수량(mm)', \n",
    "       '풍속(m/s)', '풍향(16방위)', '습도(%)', \n",
    "       '증기압(hPa)', '이슬점온도(°C)', '현지기압(hPa)', '해면기압(hPa)',\n",
    "       '일조(hr)', '일사(MJ/m2)', '적설(cm)', '3시간신적설(cm)',\n",
    "       '전운량(10분위)', '중하층운량(10분위)', '운형(운형약어)', '최저운고(100m )', '시정(10m)',\n",
    "       '지면상태(지면상태코드)', '현상번호(국내식)', '지면온도(°C)',\n",
    "       'FZ_flag']\n",
    "\n",
    "df = df[use_columns]"
   ]
  },
  {
   "cell_type": "markdown",
   "metadata": {},
   "source": [
    "df.rename(columns = {'지점' : 'Office',\n",
    "                      '지점명' : 'Office_Name',\n",
    "                      '일시' : 'Date',\n",
    "                      '기온(°C)': 'Temp', \n",
    "                      '강수량(mm)': 'Rain', \n",
    "                      '풍속(m/s)': 'WindSpeed', \n",
    "                      '풍향(16방위)': 'WindDir',  \n",
    "                      '습도(%)': 'Moist',\n",
    "                      '증기압(hPa)': 'hPa', \n",
    "                      '이슬점온도(°C)': 'DewTemp', \n",
    "                      '현지기압(hPa)': 'CurhPa', \n",
    "                      '해면기압(hPa)': 'SeahPa',\n",
    "                      '일조(hr)': 'Daylight', \n",
    "                      '일사(MJ/m2)': 'DaylightMJ', \n",
    "                      '적설(cm)': 'SnowCm', \n",
    "                      '3시간신적설(cm)': 'Snow3hr',\n",
    "                      '전운량(10분위)': 'Clouds_10', \n",
    "                      '중하층운량(10분위)': 'MClouds_10',                      \n",
    "                      '운형(운형약어)' : 'CloudDesigns_Abb',                     \n",
    "                      '최저운고(100m )': 'HClouds_100m', \n",
    "                      '시정(10m)': 'Visibility_10m', \n",
    "                      '지면상태(지면상태코드)': 'GroundState_Code',\n",
    "                      '현상번호(국내식)': 'PhenomenaNo',\n",
    "                      '지면온도(°C)': 'SurfaceTemp'\n",
    "                     }, inplace=True)"
   ]
  },
  {
   "cell_type": "code",
   "execution_count": 4,
   "metadata": {},
   "outputs": [
    {
     "data": {
      "text/plain": [
       "FZ_flag\n",
       "0    28946\n",
       "1       69\n",
       "dtype: int64"
      ]
     },
     "execution_count": 4,
     "metadata": {},
     "output_type": "execute_result"
    }
   ],
   "source": [
    "df.groupby('FZ_flag').size()"
   ]
  },
  {
   "cell_type": "code",
   "execution_count": 11,
   "metadata": {},
   "outputs": [],
   "source": [
    "df.rename(columns = {'지점' : 'Office',\n",
    "                      '지점명' : 'Office_Name',\n",
    "                      '일시' : 'Date',\n",
    "                      '기온(°C)': 'Temp', \n",
    "                      '강수량(mm)': 'Rain', \n",
    "                      '풍속(m/s)': 'WindSpeed', \n",
    "                      '풍향(16방위)': 'WindDir',  \n",
    "                      '습도(%)': 'Moist',\n",
    "                      '증기압(hPa)': 'hPa', \n",
    "                      '이슬점온도(°C)': 'DewTemp', \n",
    "                      '현지기압(hPa)': 'CurhPa', \n",
    "                      '해면기압(hPa)': 'SeahPa',\n",
    "                      '일조(hr)': 'Daylight', \n",
    "                      '일사(MJ/m2)': 'DaylightMJ', \n",
    "                      '적설(cm)': 'SnowCm', \n",
    "                      '3시간신적설(cm)': 'Snow3hr',\n",
    "                      '전운량(10분위)': 'Clouds_10', \n",
    "                      '중하층운량(10분위)': 'MClouds_10',                      \n",
    "                      '운형(운형약어)' : 'CloudDesigns_Abb',                     \n",
    "                      '최저운고(100m )': 'HClouds_100m', \n",
    "                      '시정(10m)': 'Visibility_10m', \n",
    "                      '지면상태(지면상태코드)': 'GroundState_Code',\n",
    "                      '현상번호(국내식)': 'PhenomenaNo',\n",
    "                      '지면온도(°C)': 'SurfaceTemp'\n",
    "                     }, inplace=True)"
   ]
  },
  {
   "cell_type": "code",
   "execution_count": 12,
   "metadata": {},
   "outputs": [],
   "source": [
    "feature_cols = ['Date', 'Temp', 'Rain', 'WindSpeed', 'WindDir',\n",
    "       'Moist', 'hPa', 'DewTemp', 'CurhPa', 'SeahPa', 'Daylight', 'DaylightMJ',\n",
    "       'SnowCm', 'Snow3hr', 'Clouds_10', 'MClouds_10', 'CloudDesigns_Abb',\n",
    "       'HClouds_100m', 'Visibility_10m', 'GroundState_Code', 'PhenomenaNo',\n",
    "       'SurfaceTemp']\n",
    "feature_cols_numeric_only = ['Temp', 'Rain', 'WindSpeed', 'WindDir',\n",
    "       'Moist', 'hPa', 'DewTemp', 'CurhPa', 'SeahPa', 'Daylight', 'DaylightMJ',\n",
    "       'SnowCm', 'Snow3hr', 'Clouds_10', 'MClouds_10',\n",
    "       'HClouds_100m', 'Visibility_10m', \n",
    "       'SurfaceTemp']"
   ]
  },
  {
   "cell_type": "code",
   "execution_count": null,
   "metadata": {},
   "outputs": [],
   "source": []
  },
  {
   "cell_type": "code",
   "execution_count": 13,
   "metadata": {},
   "outputs": [],
   "source": [
    "def get_Xy(df, X_features, y_col):\n",
    "    if not isinstance(X_features, list):\n",
    "        X_features = [X_features]\n",
    "    if not isinstance(y_col, list):\n",
    "        y_col = [y_col]\n",
    "    names = X_features + y_col\n",
    "    for name in names:\n",
    "        if name not in df.columns:\n",
    "            assert False, 'cannot find such column: {}'.format(name)\n",
    "    X = df.loc[:, X_features]\n",
    "    y = df[y_col].values\n",
    "    print('** X : {} rows, {} columns'.format(X.shape[0], X.shape[1]))\n",
    "    print('** y : {} rows'.format(len(y)))\n",
    "    return X, y"
   ]
  },
  {
   "cell_type": "code",
   "execution_count": null,
   "metadata": {},
   "outputs": [],
   "source": []
  },
  {
   "cell_type": "markdown",
   "metadata": {},
   "source": [
    "### over sampling"
   ]
  },
  {
   "cell_type": "code",
   "execution_count": 97,
   "metadata": {},
   "outputs": [],
   "source": [
    "def oversampling(df, X_features, y_col, SPLIT_FIRST=True, OVERSAMPLE=True, OVERSAMPLE_RATIO=1.0):\n",
    "    from sklearn.preprocessing import MinMaxScaler\n",
    "    from imblearn.over_sampling import SMOTE\n",
    "\n",
    "    X, y = get_Xy(df, X_features, y_col)\n",
    "    \n",
    "    scaler = MinMaxScaler(feature_range=(0, 1))\n",
    "    scaler.fit_transform(X)\n",
    "    X = scaler.fit_transform(X)\n",
    "    \n",
    "    if not OVERSAMPLE:\n",
    "        X_tr, X_te, y_tr, y_te = train_test_split(X, y, test_size=0.20, random_state=42)\n",
    "        return X_tr, X_te, y_tr, y_te\n",
    "\n",
    "    # 모델설정\n",
    "    smote = SMOTE(random_state=1234, sampling_strategy=OVER_SAMPLE_RATIO)\n",
    "\n",
    "    # train데이터를 넣어 복제함\n",
    "    if SPLIT_FIRST:\n",
    "        X_tr, X_te, y_tr, y_te = train_test_split(X, y, test_size=0.20, random_state=42)\n",
    "        \n",
    "        X_tr, y_tr = smote.fit_sample(X_tr, list(y_tr))\n",
    "        X_te, y_te = smote.fit_sample(X_te, list(y_te))\n",
    "\n",
    "        print('After OverSampling, the shape of train_X: {}'.format(X_tr.shape))\n",
    "        print('After OverSampling, the shape of train_y: {} \\n'.format(y_tr.shape))\n",
    "\n",
    "        print(\"After OverSampling, counts of train label '1': {}\".format(sum(y_tr==1)))\n",
    "        print(\"After OverSampling, counts of train label '0': {}\".format(sum(y_tr==0)))\n",
    "\n",
    "        print('After OverSampling, the shape of test_X: {}'.format(X_te.shape))\n",
    "        print('After OverSampling, the shape of test_y: {} \\n'.format(y_te.shape))\n",
    "\n",
    "        print(\"After OverSampling, counts of test label '1': {}\".format(sum(y_te==1)))\n",
    "        print(\"After OverSampling, counts of test label '0': {}\".format(sum(y_te==0)))\n",
    "    else:\n",
    "        X, y = smote.fit_sample(X,list(y))\n",
    "\n",
    "        print('After OverSampling, the shape of X: {}'.format(X.shape))\n",
    "        print('After OverSampling, the shape of y: {} \\n'.format(y.shape))\n",
    "\n",
    "        print(\"After OverSampling, counts of y label '1': {}\".format(sum(y==1)))\n",
    "        print(\"After OverSampling, counts of y label '0': {}\".format(sum(y==0)))\n",
    "        \n",
    "        X_tr, X_te, y_tr, y_te = train_test_split(X, y, test_size=0.20, random_state=42)\n",
    "        \n",
    "        print('After OverSampling, the shape of train_X: {}'.format(X_tr.shape))\n",
    "        print('After OverSampling, the shape of train_y: {} \\n'.format(y_tr.shape))\n",
    "\n",
    "        print(\"After OverSampling, counts of train label '1': {}\".format(sum(y_tr==1)))\n",
    "        print(\"After OverSampling, counts of train label '0': {}\".format(sum(y_tr==0)))\n",
    "\n",
    "        print('After OverSampling, the shape of test_X: {}'.format(X_te.shape))\n",
    "        print('After OverSampling, the shape of test_y: {} \\n'.format(y_te.shape))\n",
    "\n",
    "        print(\"After OverSampling, counts of test label '1': {}\".format(sum(y_te==1)))\n",
    "        print(\"After OverSampling, counts of test label '0': {}\".format(sum(y_te==0)))\n",
    "        \n",
    "    df_tr = pd.concat([pd.DataFrame(data=X_tr, columns=X_features), \n",
    "                       pd.DataFrame(data=y_tr, columns=[y_col])], axis=1)\n",
    "\n",
    "    df_te = pd.concat([pd.DataFrame(data=X_te, columns=X_features), \n",
    "                       pd.DataFrame(data=y_te, columns=[y_col])], axis=1)\n",
    "\n",
    "    return X_tr, X_te, y_tr, y_te, df_tr, df_te"
   ]
  },
  {
   "cell_type": "code",
   "execution_count": 82,
   "metadata": {},
   "outputs": [],
   "source": [
    "def heatmap(data, x, y, size):\n",
    "    fig, ax = plt.subplots(figsize=(20, 10))\n",
    "    \n",
    "    # Mapping from column names to integer coordinates\n",
    "    x_labels = [v for v in sorted(x.unique())]\n",
    "    y_labels = [v for v in sorted(y.unique())]\n",
    "    x_to_num = {p[1]:p[0] for p in enumerate(x_labels)} \n",
    "    y_to_num = {p[1]:p[0] for p in enumerate(y_labels)} \n",
    "    \n",
    "    n_colors = 256 # Use 256 colors for the diverging color palette\n",
    "    palette = sns.diverging_palette(20, 220, n=n_colors) # Create the palette\n",
    "    color_min, color_max = [-1, 1] # Range of values that will be mapped to the palette, i.e. min and max possible correlation\n",
    "\n",
    "    def value_to_color(val):\n",
    "        val_position = float((val - color_min)) / (color_max - color_min) # position of value in the input range, relative to the length of the input range\n",
    "        ind = int(val_position * (n_colors - 1)) # target index in the color palette\n",
    "        return palette[ind]\n",
    "\n",
    "    size_scale = 500\n",
    "    ax.scatter(\n",
    "        x=x.map(x_to_num),\n",
    "        y=y.map(y_to_num),\n",
    "        s=size * size_scale,\n",
    "        c=data.apply(value_to_color), # Vector of square color values, mapped to color palette\n",
    "        marker='s'\n",
    "    )\n",
    "    \n",
    "    # Show column labels on the axes\n",
    "    ax.set_xticks([x_to_num[v] for v in x_labels])\n",
    "    ax.set_xticklabels(x_labels, rotation=45, horizontalalignment='right')\n",
    "    ax.set_yticks([y_to_num[v] for v in y_labels])\n",
    "    ax.set_yticklabels(y_labels)"
   ]
  },
  {
   "cell_type": "code",
   "execution_count": 83,
   "metadata": {},
   "outputs": [],
   "source": [
    "def build_formula(x_list, y):\n",
    "    x_str = ' + '.join(x_list)\n",
    "    return '{} ~ {}'.format(y, x_str)"
   ]
  },
  {
   "cell_type": "markdown",
   "metadata": {},
   "source": [
    "### all Office"
   ]
  },
  {
   "cell_type": "code",
   "execution_count": 84,
   "metadata": {},
   "outputs": [
    {
     "name": "stdout",
     "output_type": "stream",
     "text": [
      "** X : 29015 rows, 18 columns\n",
      "** y : 29015 rows\n",
      "After OverSampling, the shape of train_X: (46318, 18)\n",
      "After OverSampling, the shape of train_y: (46318,) \n",
      "\n"
     ]
    },
    {
     "name": "stderr",
     "output_type": "stream",
     "text": [
      "/Users/jaeho/anaconda3/lib/python3.6/site-packages/sklearn/utils/validation.py:760: DataConversionWarning: A column-vector y was passed when a 1d array was expected. Please change the shape of y to (n_samples, ), for example using ravel().\n",
      "  y = column_or_1d(y, warn=True)\n",
      "/Users/jaeho/anaconda3/lib/python3.6/site-packages/sklearn/utils/validation.py:760: DataConversionWarning: A column-vector y was passed when a 1d array was expected. Please change the shape of y to (n_samples, ), for example using ravel().\n",
      "  y = column_or_1d(y, warn=True)\n"
     ]
    },
    {
     "name": "stdout",
     "output_type": "stream",
     "text": [
      "After OverSampling, counts of train label '1': 23159\n",
      "After OverSampling, counts of train label '0': 23159\n",
      "After OverSampling, the shape of test_X: (11574, 18)\n",
      "After OverSampling, the shape of test_y: (11574,) \n",
      "\n",
      "After OverSampling, counts of test label '1': 5787\n",
      "After OverSampling, counts of test label '0': 5787\n"
     ]
    }
   ],
   "source": [
    "X_tr, X_te, y_tr, y_te, df_tr, df_te = oversampling(df, feature_cols_numeric_only, 'FZ_flag')"
   ]
  },
  {
   "cell_type": "code",
   "execution_count": 85,
   "metadata": {},
   "outputs": [
    {
     "data": {
      "text/html": [
       "<div>\n",
       "<style scoped>\n",
       "    .dataframe tbody tr th:only-of-type {\n",
       "        vertical-align: middle;\n",
       "    }\n",
       "\n",
       "    .dataframe tbody tr th {\n",
       "        vertical-align: top;\n",
       "    }\n",
       "\n",
       "    .dataframe thead th {\n",
       "        text-align: right;\n",
       "    }\n",
       "</style>\n",
       "<table border=\"1\" class=\"dataframe\">\n",
       "  <thead>\n",
       "    <tr style=\"text-align: right;\">\n",
       "      <th></th>\n",
       "      <th>Temp</th>\n",
       "      <th>Rain</th>\n",
       "      <th>WindSpeed</th>\n",
       "      <th>WindDir</th>\n",
       "      <th>Moist</th>\n",
       "      <th>hPa</th>\n",
       "      <th>DewTemp</th>\n",
       "      <th>CurhPa</th>\n",
       "      <th>SeahPa</th>\n",
       "      <th>Daylight</th>\n",
       "      <th>DaylightMJ</th>\n",
       "      <th>SnowCm</th>\n",
       "      <th>Snow3hr</th>\n",
       "      <th>Clouds_10</th>\n",
       "      <th>MClouds_10</th>\n",
       "      <th>HClouds_100m</th>\n",
       "      <th>Visibility_10m</th>\n",
       "      <th>SurfaceTemp</th>\n",
       "      <th>FZ_flag</th>\n",
       "    </tr>\n",
       "  </thead>\n",
       "  <tbody>\n",
       "    <tr>\n",
       "      <td>Temp</td>\n",
       "      <td>1.000000</td>\n",
       "      <td>0.068349</td>\n",
       "      <td>0.293882</td>\n",
       "      <td>0.061206</td>\n",
       "      <td>-0.453851</td>\n",
       "      <td>0.659439</td>\n",
       "      <td>0.637469</td>\n",
       "      <td>0.335572</td>\n",
       "      <td>-0.530255</td>\n",
       "      <td>0.207234</td>\n",
       "      <td>0.218869</td>\n",
       "      <td>-0.422664</td>\n",
       "      <td>0.001651</td>\n",
       "      <td>0.068650</td>\n",
       "      <td>-0.078463</td>\n",
       "      <td>0.269883</td>\n",
       "      <td>0.330302</td>\n",
       "      <td>0.804732</td>\n",
       "      <td>-0.439286</td>\n",
       "    </tr>\n",
       "    <tr>\n",
       "      <td>Rain</td>\n",
       "      <td>0.068349</td>\n",
       "      <td>1.000000</td>\n",
       "      <td>0.040752</td>\n",
       "      <td>-0.015820</td>\n",
       "      <td>0.039879</td>\n",
       "      <td>0.132926</td>\n",
       "      <td>0.108326</td>\n",
       "      <td>0.017214</td>\n",
       "      <td>-0.111992</td>\n",
       "      <td>-0.037027</td>\n",
       "      <td>-0.017718</td>\n",
       "      <td>0.011393</td>\n",
       "      <td>0.479506</td>\n",
       "      <td>0.076534</td>\n",
       "      <td>0.044421</td>\n",
       "      <td>-0.011630</td>\n",
       "      <td>-0.031616</td>\n",
       "      <td>0.049336</td>\n",
       "      <td>-0.056825</td>\n",
       "    </tr>\n",
       "    <tr>\n",
       "      <td>WindSpeed</td>\n",
       "      <td>0.293882</td>\n",
       "      <td>0.040752</td>\n",
       "      <td>1.000000</td>\n",
       "      <td>0.386740</td>\n",
       "      <td>-0.531500</td>\n",
       "      <td>-0.033978</td>\n",
       "      <td>-0.105949</td>\n",
       "      <td>-0.003299</td>\n",
       "      <td>-0.487169</td>\n",
       "      <td>0.286531</td>\n",
       "      <td>0.340232</td>\n",
       "      <td>-0.120106</td>\n",
       "      <td>0.015673</td>\n",
       "      <td>-0.215344</td>\n",
       "      <td>-0.279164</td>\n",
       "      <td>0.159605</td>\n",
       "      <td>0.455849</td>\n",
       "      <td>0.145771</td>\n",
       "      <td>-0.439086</td>\n",
       "    </tr>\n",
       "    <tr>\n",
       "      <td>WindDir</td>\n",
       "      <td>0.061206</td>\n",
       "      <td>-0.015820</td>\n",
       "      <td>0.386740</td>\n",
       "      <td>1.000000</td>\n",
       "      <td>-0.206026</td>\n",
       "      <td>-0.042795</td>\n",
       "      <td>-0.088544</td>\n",
       "      <td>-0.079472</td>\n",
       "      <td>-0.383586</td>\n",
       "      <td>0.159029</td>\n",
       "      <td>0.104893</td>\n",
       "      <td>0.001044</td>\n",
       "      <td>-0.003761</td>\n",
       "      <td>-0.215466</td>\n",
       "      <td>-0.182559</td>\n",
       "      <td>0.056379</td>\n",
       "      <td>0.164282</td>\n",
       "      <td>0.001930</td>\n",
       "      <td>-0.226286</td>\n",
       "    </tr>\n",
       "    <tr>\n",
       "      <td>Moist</td>\n",
       "      <td>-0.453851</td>\n",
       "      <td>0.039879</td>\n",
       "      <td>-0.531500</td>\n",
       "      <td>-0.206026</td>\n",
       "      <td>1.000000</td>\n",
       "      <td>0.265280</td>\n",
       "      <td>0.362862</td>\n",
       "      <td>-0.488626</td>\n",
       "      <td>0.209349</td>\n",
       "      <td>-0.486514</td>\n",
       "      <td>-0.334279</td>\n",
       "      <td>0.312412</td>\n",
       "      <td>0.036245</td>\n",
       "      <td>0.443374</td>\n",
       "      <td>0.565203</td>\n",
       "      <td>-0.507024</td>\n",
       "      <td>-0.824807</td>\n",
       "      <td>-0.292022</td>\n",
       "      <td>0.575644</td>\n",
       "    </tr>\n",
       "    <tr>\n",
       "      <td>hPa</td>\n",
       "      <td>0.659439</td>\n",
       "      <td>0.132926</td>\n",
       "      <td>-0.033978</td>\n",
       "      <td>-0.042795</td>\n",
       "      <td>0.265280</td>\n",
       "      <td>1.000000</td>\n",
       "      <td>0.945740</td>\n",
       "      <td>0.005968</td>\n",
       "      <td>-0.421372</td>\n",
       "      <td>-0.167438</td>\n",
       "      <td>-0.039572</td>\n",
       "      <td>-0.203847</td>\n",
       "      <td>0.027386</td>\n",
       "      <td>0.293203</td>\n",
       "      <td>0.232642</td>\n",
       "      <td>-0.037816</td>\n",
       "      <td>-0.198675</td>\n",
       "      <td>0.571870</td>\n",
       "      <td>-0.170089</td>\n",
       "    </tr>\n",
       "    <tr>\n",
       "      <td>DewTemp</td>\n",
       "      <td>0.637469</td>\n",
       "      <td>0.108326</td>\n",
       "      <td>-0.105949</td>\n",
       "      <td>-0.088544</td>\n",
       "      <td>0.362862</td>\n",
       "      <td>0.945740</td>\n",
       "      <td>1.000000</td>\n",
       "      <td>-0.060851</td>\n",
       "      <td>-0.392790</td>\n",
       "      <td>-0.229453</td>\n",
       "      <td>-0.068063</td>\n",
       "      <td>-0.176223</td>\n",
       "      <td>0.033253</td>\n",
       "      <td>0.394115</td>\n",
       "      <td>0.340534</td>\n",
       "      <td>-0.113228</td>\n",
       "      <td>-0.307727</td>\n",
       "      <td>0.555302</td>\n",
       "      <td>-0.051334</td>\n",
       "    </tr>\n",
       "    <tr>\n",
       "      <td>CurhPa</td>\n",
       "      <td>0.335572</td>\n",
       "      <td>0.017214</td>\n",
       "      <td>-0.003299</td>\n",
       "      <td>-0.079472</td>\n",
       "      <td>-0.488626</td>\n",
       "      <td>0.005968</td>\n",
       "      <td>-0.060851</td>\n",
       "      <td>1.000000</td>\n",
       "      <td>0.084215</td>\n",
       "      <td>0.153905</td>\n",
       "      <td>-0.079356</td>\n",
       "      <td>-0.455059</td>\n",
       "      <td>-0.019889</td>\n",
       "      <td>-0.237410</td>\n",
       "      <td>-0.352594</td>\n",
       "      <td>0.524607</td>\n",
       "      <td>0.440460</td>\n",
       "      <td>0.201056</td>\n",
       "      <td>-0.324770</td>\n",
       "    </tr>\n",
       "    <tr>\n",
       "      <td>SeahPa</td>\n",
       "      <td>-0.530255</td>\n",
       "      <td>-0.111992</td>\n",
       "      <td>-0.487169</td>\n",
       "      <td>-0.383586</td>\n",
       "      <td>0.209349</td>\n",
       "      <td>-0.421372</td>\n",
       "      <td>-0.392790</td>\n",
       "      <td>0.084215</td>\n",
       "      <td>1.000000</td>\n",
       "      <td>-0.016968</td>\n",
       "      <td>-0.144369</td>\n",
       "      <td>0.176510</td>\n",
       "      <td>-0.044134</td>\n",
       "      <td>-0.090942</td>\n",
       "      <td>-0.019842</td>\n",
       "      <td>-0.063176</td>\n",
       "      <td>-0.138496</td>\n",
       "      <td>-0.414875</td>\n",
       "      <td>0.269612</td>\n",
       "    </tr>\n",
       "    <tr>\n",
       "      <td>Daylight</td>\n",
       "      <td>0.207234</td>\n",
       "      <td>-0.037027</td>\n",
       "      <td>0.286531</td>\n",
       "      <td>0.159029</td>\n",
       "      <td>-0.486514</td>\n",
       "      <td>-0.167438</td>\n",
       "      <td>-0.229453</td>\n",
       "      <td>0.153905</td>\n",
       "      <td>-0.016968</td>\n",
       "      <td>1.000000</td>\n",
       "      <td>0.624806</td>\n",
       "      <td>-0.046043</td>\n",
       "      <td>-0.021385</td>\n",
       "      <td>-0.391900</td>\n",
       "      <td>-0.379019</td>\n",
       "      <td>0.171177</td>\n",
       "      <td>0.360315</td>\n",
       "      <td>0.109947</td>\n",
       "      <td>-0.285546</td>\n",
       "    </tr>\n",
       "    <tr>\n",
       "      <td>DaylightMJ</td>\n",
       "      <td>0.218869</td>\n",
       "      <td>-0.017718</td>\n",
       "      <td>0.340232</td>\n",
       "      <td>0.104893</td>\n",
       "      <td>-0.334279</td>\n",
       "      <td>-0.039572</td>\n",
       "      <td>-0.068063</td>\n",
       "      <td>-0.079356</td>\n",
       "      <td>-0.144369</td>\n",
       "      <td>0.624806</td>\n",
       "      <td>1.000000</td>\n",
       "      <td>0.064468</td>\n",
       "      <td>-0.005034</td>\n",
       "      <td>-0.182197</td>\n",
       "      <td>-0.201084</td>\n",
       "      <td>0.080393</td>\n",
       "      <td>0.230987</td>\n",
       "      <td>0.118934</td>\n",
       "      <td>-0.249290</td>\n",
       "    </tr>\n",
       "    <tr>\n",
       "      <td>SnowCm</td>\n",
       "      <td>-0.422664</td>\n",
       "      <td>0.011393</td>\n",
       "      <td>-0.120106</td>\n",
       "      <td>0.001044</td>\n",
       "      <td>0.312412</td>\n",
       "      <td>-0.203847</td>\n",
       "      <td>-0.176223</td>\n",
       "      <td>-0.455059</td>\n",
       "      <td>0.176510</td>\n",
       "      <td>-0.046043</td>\n",
       "      <td>0.064468</td>\n",
       "      <td>1.000000</td>\n",
       "      <td>0.092049</td>\n",
       "      <td>0.154102</td>\n",
       "      <td>0.238035</td>\n",
       "      <td>-0.274561</td>\n",
       "      <td>-0.316011</td>\n",
       "      <td>-0.251795</td>\n",
       "      <td>0.268380</td>\n",
       "    </tr>\n",
       "    <tr>\n",
       "      <td>Snow3hr</td>\n",
       "      <td>0.001651</td>\n",
       "      <td>0.479506</td>\n",
       "      <td>0.015673</td>\n",
       "      <td>-0.003761</td>\n",
       "      <td>0.036245</td>\n",
       "      <td>0.027386</td>\n",
       "      <td>0.033253</td>\n",
       "      <td>-0.019889</td>\n",
       "      <td>-0.044134</td>\n",
       "      <td>-0.021385</td>\n",
       "      <td>-0.005034</td>\n",
       "      <td>0.092049</td>\n",
       "      <td>1.000000</td>\n",
       "      <td>0.043829</td>\n",
       "      <td>0.027728</td>\n",
       "      <td>-0.020207</td>\n",
       "      <td>-0.036257</td>\n",
       "      <td>-0.004291</td>\n",
       "      <td>-0.050548</td>\n",
       "    </tr>\n",
       "    <tr>\n",
       "      <td>Clouds_10</td>\n",
       "      <td>0.068650</td>\n",
       "      <td>0.076534</td>\n",
       "      <td>-0.215344</td>\n",
       "      <td>-0.215466</td>\n",
       "      <td>0.443374</td>\n",
       "      <td>0.293203</td>\n",
       "      <td>0.394115</td>\n",
       "      <td>-0.237410</td>\n",
       "      <td>-0.090942</td>\n",
       "      <td>-0.391900</td>\n",
       "      <td>-0.182197</td>\n",
       "      <td>0.154102</td>\n",
       "      <td>0.043829</td>\n",
       "      <td>1.000000</td>\n",
       "      <td>0.898800</td>\n",
       "      <td>-0.346041</td>\n",
       "      <td>-0.578667</td>\n",
       "      <td>0.119862</td>\n",
       "      <td>0.477008</td>\n",
       "    </tr>\n",
       "    <tr>\n",
       "      <td>MClouds_10</td>\n",
       "      <td>-0.078463</td>\n",
       "      <td>0.044421</td>\n",
       "      <td>-0.279164</td>\n",
       "      <td>-0.182559</td>\n",
       "      <td>0.565203</td>\n",
       "      <td>0.232642</td>\n",
       "      <td>0.340534</td>\n",
       "      <td>-0.352594</td>\n",
       "      <td>-0.019842</td>\n",
       "      <td>-0.379019</td>\n",
       "      <td>-0.201084</td>\n",
       "      <td>0.238035</td>\n",
       "      <td>0.027728</td>\n",
       "      <td>0.898800</td>\n",
       "      <td>1.000000</td>\n",
       "      <td>-0.457192</td>\n",
       "      <td>-0.679922</td>\n",
       "      <td>0.040625</td>\n",
       "      <td>0.586030</td>\n",
       "    </tr>\n",
       "    <tr>\n",
       "      <td>HClouds_100m</td>\n",
       "      <td>0.269883</td>\n",
       "      <td>-0.011630</td>\n",
       "      <td>0.159605</td>\n",
       "      <td>0.056379</td>\n",
       "      <td>-0.507024</td>\n",
       "      <td>-0.037816</td>\n",
       "      <td>-0.113228</td>\n",
       "      <td>0.524607</td>\n",
       "      <td>-0.063176</td>\n",
       "      <td>0.171177</td>\n",
       "      <td>0.080393</td>\n",
       "      <td>-0.274561</td>\n",
       "      <td>-0.020207</td>\n",
       "      <td>-0.346041</td>\n",
       "      <td>-0.457192</td>\n",
       "      <td>1.000000</td>\n",
       "      <td>0.521198</td>\n",
       "      <td>0.136770</td>\n",
       "      <td>-0.467848</td>\n",
       "    </tr>\n",
       "    <tr>\n",
       "      <td>Visibility_10m</td>\n",
       "      <td>0.330302</td>\n",
       "      <td>-0.031616</td>\n",
       "      <td>0.455849</td>\n",
       "      <td>0.164282</td>\n",
       "      <td>-0.824807</td>\n",
       "      <td>-0.198675</td>\n",
       "      <td>-0.307727</td>\n",
       "      <td>0.440460</td>\n",
       "      <td>-0.138496</td>\n",
       "      <td>0.360315</td>\n",
       "      <td>0.230987</td>\n",
       "      <td>-0.316011</td>\n",
       "      <td>-0.036257</td>\n",
       "      <td>-0.578667</td>\n",
       "      <td>-0.679922</td>\n",
       "      <td>0.521198</td>\n",
       "      <td>1.000000</td>\n",
       "      <td>0.199900</td>\n",
       "      <td>-0.703291</td>\n",
       "    </tr>\n",
       "    <tr>\n",
       "      <td>SurfaceTemp</td>\n",
       "      <td>0.804732</td>\n",
       "      <td>0.049336</td>\n",
       "      <td>0.145771</td>\n",
       "      <td>0.001930</td>\n",
       "      <td>-0.292022</td>\n",
       "      <td>0.571870</td>\n",
       "      <td>0.555302</td>\n",
       "      <td>0.201056</td>\n",
       "      <td>-0.414875</td>\n",
       "      <td>0.109947</td>\n",
       "      <td>0.118934</td>\n",
       "      <td>-0.251795</td>\n",
       "      <td>-0.004291</td>\n",
       "      <td>0.119862</td>\n",
       "      <td>0.040625</td>\n",
       "      <td>0.136770</td>\n",
       "      <td>0.199900</td>\n",
       "      <td>1.000000</td>\n",
       "      <td>-0.272818</td>\n",
       "    </tr>\n",
       "    <tr>\n",
       "      <td>FZ_flag</td>\n",
       "      <td>-0.439286</td>\n",
       "      <td>-0.056825</td>\n",
       "      <td>-0.439086</td>\n",
       "      <td>-0.226286</td>\n",
       "      <td>0.575644</td>\n",
       "      <td>-0.170089</td>\n",
       "      <td>-0.051334</td>\n",
       "      <td>-0.324770</td>\n",
       "      <td>0.269612</td>\n",
       "      <td>-0.285546</td>\n",
       "      <td>-0.249290</td>\n",
       "      <td>0.268380</td>\n",
       "      <td>-0.050548</td>\n",
       "      <td>0.477008</td>\n",
       "      <td>0.586030</td>\n",
       "      <td>-0.467848</td>\n",
       "      <td>-0.703291</td>\n",
       "      <td>-0.272818</td>\n",
       "      <td>1.000000</td>\n",
       "    </tr>\n",
       "  </tbody>\n",
       "</table>\n",
       "</div>"
      ],
      "text/plain": [
       "                    Temp      Rain  WindSpeed   WindDir     Moist       hPa  \\\n",
       "Temp            1.000000  0.068349   0.293882  0.061206 -0.453851  0.659439   \n",
       "Rain            0.068349  1.000000   0.040752 -0.015820  0.039879  0.132926   \n",
       "WindSpeed       0.293882  0.040752   1.000000  0.386740 -0.531500 -0.033978   \n",
       "WindDir         0.061206 -0.015820   0.386740  1.000000 -0.206026 -0.042795   \n",
       "Moist          -0.453851  0.039879  -0.531500 -0.206026  1.000000  0.265280   \n",
       "hPa             0.659439  0.132926  -0.033978 -0.042795  0.265280  1.000000   \n",
       "DewTemp         0.637469  0.108326  -0.105949 -0.088544  0.362862  0.945740   \n",
       "CurhPa          0.335572  0.017214  -0.003299 -0.079472 -0.488626  0.005968   \n",
       "SeahPa         -0.530255 -0.111992  -0.487169 -0.383586  0.209349 -0.421372   \n",
       "Daylight        0.207234 -0.037027   0.286531  0.159029 -0.486514 -0.167438   \n",
       "DaylightMJ      0.218869 -0.017718   0.340232  0.104893 -0.334279 -0.039572   \n",
       "SnowCm         -0.422664  0.011393  -0.120106  0.001044  0.312412 -0.203847   \n",
       "Snow3hr         0.001651  0.479506   0.015673 -0.003761  0.036245  0.027386   \n",
       "Clouds_10       0.068650  0.076534  -0.215344 -0.215466  0.443374  0.293203   \n",
       "MClouds_10     -0.078463  0.044421  -0.279164 -0.182559  0.565203  0.232642   \n",
       "HClouds_100m    0.269883 -0.011630   0.159605  0.056379 -0.507024 -0.037816   \n",
       "Visibility_10m  0.330302 -0.031616   0.455849  0.164282 -0.824807 -0.198675   \n",
       "SurfaceTemp     0.804732  0.049336   0.145771  0.001930 -0.292022  0.571870   \n",
       "FZ_flag        -0.439286 -0.056825  -0.439086 -0.226286  0.575644 -0.170089   \n",
       "\n",
       "                 DewTemp    CurhPa    SeahPa  Daylight  DaylightMJ    SnowCm  \\\n",
       "Temp            0.637469  0.335572 -0.530255  0.207234    0.218869 -0.422664   \n",
       "Rain            0.108326  0.017214 -0.111992 -0.037027   -0.017718  0.011393   \n",
       "WindSpeed      -0.105949 -0.003299 -0.487169  0.286531    0.340232 -0.120106   \n",
       "WindDir        -0.088544 -0.079472 -0.383586  0.159029    0.104893  0.001044   \n",
       "Moist           0.362862 -0.488626  0.209349 -0.486514   -0.334279  0.312412   \n",
       "hPa             0.945740  0.005968 -0.421372 -0.167438   -0.039572 -0.203847   \n",
       "DewTemp         1.000000 -0.060851 -0.392790 -0.229453   -0.068063 -0.176223   \n",
       "CurhPa         -0.060851  1.000000  0.084215  0.153905   -0.079356 -0.455059   \n",
       "SeahPa         -0.392790  0.084215  1.000000 -0.016968   -0.144369  0.176510   \n",
       "Daylight       -0.229453  0.153905 -0.016968  1.000000    0.624806 -0.046043   \n",
       "DaylightMJ     -0.068063 -0.079356 -0.144369  0.624806    1.000000  0.064468   \n",
       "SnowCm         -0.176223 -0.455059  0.176510 -0.046043    0.064468  1.000000   \n",
       "Snow3hr         0.033253 -0.019889 -0.044134 -0.021385   -0.005034  0.092049   \n",
       "Clouds_10       0.394115 -0.237410 -0.090942 -0.391900   -0.182197  0.154102   \n",
       "MClouds_10      0.340534 -0.352594 -0.019842 -0.379019   -0.201084  0.238035   \n",
       "HClouds_100m   -0.113228  0.524607 -0.063176  0.171177    0.080393 -0.274561   \n",
       "Visibility_10m -0.307727  0.440460 -0.138496  0.360315    0.230987 -0.316011   \n",
       "SurfaceTemp     0.555302  0.201056 -0.414875  0.109947    0.118934 -0.251795   \n",
       "FZ_flag        -0.051334 -0.324770  0.269612 -0.285546   -0.249290  0.268380   \n",
       "\n",
       "                 Snow3hr  Clouds_10  MClouds_10  HClouds_100m  Visibility_10m  \\\n",
       "Temp            0.001651   0.068650   -0.078463      0.269883        0.330302   \n",
       "Rain            0.479506   0.076534    0.044421     -0.011630       -0.031616   \n",
       "WindSpeed       0.015673  -0.215344   -0.279164      0.159605        0.455849   \n",
       "WindDir        -0.003761  -0.215466   -0.182559      0.056379        0.164282   \n",
       "Moist           0.036245   0.443374    0.565203     -0.507024       -0.824807   \n",
       "hPa             0.027386   0.293203    0.232642     -0.037816       -0.198675   \n",
       "DewTemp         0.033253   0.394115    0.340534     -0.113228       -0.307727   \n",
       "CurhPa         -0.019889  -0.237410   -0.352594      0.524607        0.440460   \n",
       "SeahPa         -0.044134  -0.090942   -0.019842     -0.063176       -0.138496   \n",
       "Daylight       -0.021385  -0.391900   -0.379019      0.171177        0.360315   \n",
       "DaylightMJ     -0.005034  -0.182197   -0.201084      0.080393        0.230987   \n",
       "SnowCm          0.092049   0.154102    0.238035     -0.274561       -0.316011   \n",
       "Snow3hr         1.000000   0.043829    0.027728     -0.020207       -0.036257   \n",
       "Clouds_10       0.043829   1.000000    0.898800     -0.346041       -0.578667   \n",
       "MClouds_10      0.027728   0.898800    1.000000     -0.457192       -0.679922   \n",
       "HClouds_100m   -0.020207  -0.346041   -0.457192      1.000000        0.521198   \n",
       "Visibility_10m -0.036257  -0.578667   -0.679922      0.521198        1.000000   \n",
       "SurfaceTemp    -0.004291   0.119862    0.040625      0.136770        0.199900   \n",
       "FZ_flag        -0.050548   0.477008    0.586030     -0.467848       -0.703291   \n",
       "\n",
       "                SurfaceTemp   FZ_flag  \n",
       "Temp               0.804732 -0.439286  \n",
       "Rain               0.049336 -0.056825  \n",
       "WindSpeed          0.145771 -0.439086  \n",
       "WindDir            0.001930 -0.226286  \n",
       "Moist             -0.292022  0.575644  \n",
       "hPa                0.571870 -0.170089  \n",
       "DewTemp            0.555302 -0.051334  \n",
       "CurhPa             0.201056 -0.324770  \n",
       "SeahPa            -0.414875  0.269612  \n",
       "Daylight           0.109947 -0.285546  \n",
       "DaylightMJ         0.118934 -0.249290  \n",
       "SnowCm            -0.251795  0.268380  \n",
       "Snow3hr           -0.004291 -0.050548  \n",
       "Clouds_10          0.119862  0.477008  \n",
       "MClouds_10         0.040625  0.586030  \n",
       "HClouds_100m       0.136770 -0.467848  \n",
       "Visibility_10m     0.199900 -0.703291  \n",
       "SurfaceTemp        1.000000 -0.272818  \n",
       "FZ_flag           -0.272818  1.000000  "
      ]
     },
     "execution_count": 85,
     "metadata": {},
     "output_type": "execute_result"
    }
   ],
   "source": [
    "df_tr.corr()"
   ]
  },
  {
   "cell_type": "code",
   "execution_count": 86,
   "metadata": {},
   "outputs": [
    {
     "data": {
      "text/plain": [
       "MClouds_10        0.586030\n",
       "Moist             0.575644\n",
       "Clouds_10         0.477008\n",
       "SeahPa            0.269612\n",
       "SnowCm            0.268380\n",
       "Snow3hr          -0.050548\n",
       "DewTemp          -0.051334\n",
       "Rain             -0.056825\n",
       "hPa              -0.170089\n",
       "WindDir          -0.226286\n",
       "DaylightMJ       -0.249290\n",
       "SurfaceTemp      -0.272818\n",
       "Daylight         -0.285546\n",
       "CurhPa           -0.324770\n",
       "WindSpeed        -0.439086\n",
       "Temp             -0.439286\n",
       "HClouds_100m     -0.467848\n",
       "Visibility_10m   -0.703291\n",
       "Name: FZ_flag, dtype: float64"
      ]
     },
     "execution_count": 86,
     "metadata": {},
     "output_type": "execute_result"
    }
   ],
   "source": [
    "df_tr_sorted = df_tr.corr()['FZ_flag'][:-1].sort_values(ascending=False)\n",
    "df_tr_sorted"
   ]
  },
  {
   "cell_type": "code",
   "execution_count": 87,
   "metadata": {},
   "outputs": [
    {
     "data": {
